>MA0875.1	BARX1
1872.00	590.00	3339.00	6805.00	0.00	0.00	6805.00	1917.00
1821.00	5138.00	1992.00	207.00	0.00	0.00	0.00	1391.00
2236.00	246.00	1386.00	192.00	0.00	0.00	0.00	2420.00
877.00	1667.00	87.00	0.00	6805.00	6805.00	0.00	1077.00
>MA0465.2	CDX2
11369.00	11735.00	3157.00	1226.00	26720.00	29957.00	274.00	29221.00	30645.00	30125.00	13752.00	10200.00
6380.00	2568.00	2096.00	26587.00	3312.00	414.00	391.00	761.00	349.00	595.00	5299.00	6905.00
7434.00	8816.00	24214.00	607.00	184.00	1196.00	386.00	999.00	366.00	502.00	5884.00	5934.00
6843.00	8907.00	2559.00	3606.00	1810.00	459.00	30975.00	1045.00	666.00	804.00	7091.00	8987.00
>MA0876.1	BSX
1449.00	688.00	4036.00	8832.00	0.00	96.00	8832.00	2770.00
3929.00	5585.00	2483.00	194.00	0.00	0.00	0.00	2369.00
2290.00	103.00	2197.00	1078.00	0.00	0.00	0.00	2417.00
1164.00	3247.00	116.00	66.00	8832.00	8832.00	0.00	1276.00
>MA0102.3	CEBPA
10351.00	0.00	0.00	705.00	0.00	11956.00	2660.00	12226.00	15318.00	0.00	5804.00
1332.00	0.00	0.00	0.00	15318.00	1274.00	7654.00	3092.00	0.00	5688.00	4963.00
3635.00	0.00	0.00	11304.00	0.00	1066.00	0.00	0.00	0.00	1804.00	890.00
	0.00	15318.00	15318.00	3309.00	0.00	1022.00	5004.00	0.00	0.00	7826.00	3661.00
>MA1100.1	ASCL1
1514.00	1316.00	4367.00	212.00	28.00	6820.00	21.00	165.00	55.00	18.00	334.00	1477.00	1533.00
1815.00	2808.00	692.00	174.00	6920.00	61.00	280.00	6343.00	69.00	24.00	2193.00	2164.00	1772.00
2607.00	2029.00	1260.00	6639.00	78.00	75.00	6703.00	523.00	72.00	6987.00	3523.00	1718.00	2478.00
1116.00	899.00	733.00	27.00	26.00	96.00	48.00	21.00	6856.00	23.00	1002.00	1693.00	1269.00
>MA1101.1	BACH2
361.00	852.00	11.00	22.00	1841.00	73.00	110.00	61.00	1814.00	45.00	79.00	1334.00	512.00	530.00
492.00	519.00	19.00	14.00	19.00	1441.00	15.00	1799.00	13.00	48.00	1680.00	160.00	404.00	369.00
682.00	423.00	10.00	1787.00	15.00	291.00	30.00	14.00	31.00	1639.00	86.00	171.00	501.00	294.00
360.00	101.00	1855.00	72.00	20.00	90.00	1740.00	21.00	37.00	163.00	50.00	230.00	478.00	702.00
>MA0836.1	CEBPD
3674.00	0.00	1.00	3395.00	88.00	814.00	832.00	7063.00	7063.00	54.00
1257.00	0.00	1.00	5.00	7063.00	84.00	7063.00	139.00	0.00	3001.00
1910.00	2.00	753.00	3668.00	34.00	7063.00	3.00	0.00	0.00	220.00
222.00	7063.00	7063.00	702.00	613.00	74.00	724.00	5.00	0.00	4062.00
>MA0837.1	CEBPE
1785.00	28.00	21.00	1819.00	119.00	764.00	626.00	3974.00	3974.00	55.00
904.00	50.00	9.00	7.00	3974.00	174.00	3974.00	200.00	0.00	1850.00
1079.00	15.00	544.00	2155.00	75.00	3974.00	13.00	0.00	0.00	208.00
206.00	3974.00	3974.00	478.00	574.00	141.00	459.00	4.00	4.00	2124.00
>MA0838.1	CEBPG
12768.00	183.00	46.00	8599.00	114.00	1390.00	534.00	20742.00	20742.00	159.00
2441.00	99.00	18.00	2.00	20742.00	184.00	20742.00	0.00	0.00	8886.00
5249.00	213.00	904.00	12143.00	30.00	20742.00	44.00	45.00	23.00	347.00
284.00	20742.00	20742.00	292.00	449.00	381.00	1129.00	16.00	46.00	11855.00
>MA0817.1	BHLHE23
2550.00	5005.00	2779.00	21.00	5005.00	0.00	5005.00	47.00	0.00	13.00	243.00	1523.00
686.00	55.00	1286.00	5005.00	0.00	4.00	5.00	115.00	4.00	1203.00	1468.00	911.00
858.00	890.00	932.00	0.00	67.00	1.00	3.00	5.00	5005.00	1771.00	92.00	964.00
912.00	44.00	8.00	0.00	17.00	5005.00	0.00	5005.00	7.00	2018.00	5005.00	1606.00
>MA1471.1	BARX2
8675.00	16962.00	18517.00	28388.00	28388.00	2814.00	15759.00	28388.00	7.00	19.00	28388.00	6425.00
6473.00	3613.00	69.00	30.00	3348.00	16934.00	28388.00	49.00	0.00	2051.00	325.00	9281.00
6745.00	3632.00	47.00	99.00	2920.00	1342.00	5135.00	10009.00	41.00	0.00	415.00	7422.00
6494.00	11426.00	9871.00	7507.00	2847.00	11453.00	3452.00	0.00	28388.00	28388.00	4259.00	5260.00
>MA0462.1	BATF::JUN
3082.00	4782.00	4519.00	8258.00	0.00	0.00	10522.00	586.00	0.00	1291.00	10264.00
481.00	553.00	170.00	1478.00	0.00	0.00	0.00	5026.00	0.00	8590.00	0.00
5136.00	2889.00	2219.00	0.00	0.00	10374.00	0.00	4910.00	0.00	641.00	0.00
1823.00	2298.00	3614.00	786.00	10522.00	148.00	0.00	0.00	10522.00	0.00	258.00
>MA0834.1	ATF7
3922.00	5130.00	19329.00	11.00	26.00	19329.00	20.00	79.00	25.00	2698.00	19329.00	82.00	5628.00	5680.00
6606.00	2440.00	368.00	4.00	7.00	8.00	19329.00	9.00	16.00	19329.00	2.00	7305.00	8116.00	4920.00
4161.00	7299.00	3772.00	43.00	19329.00	58.00	33.00	19329.00	77.00	51.00	49.00	440.00	2129.00	5892.00
4641.00	4461.00	41.00	19329.00	1759.00	12.00	68.00	4.00	19329.00	22.00	11.00	19329.00	3456.00	2839.00
>MA0466.1	CEBPB
13006.00	75198.00	0.00	0.00	4556.00	0.00	74715.00	8654.00	60151.00	99494.00	0.00
10026.00	5868.00	0.00	0.00	0.00	99494.00	5478.00	51954.00	39343.00	0.00	36038.00
33617.00	18428.00	0.00	0.00	75531.00	0.00	10015.00	0.00	0.00	0.00	2043.00
42845.00	0.00	99494.00	99494.00	19407.00	0.00	9286.00	38886.00	0.00	0.00	61413.00
>MA1468.1	ATOH7
712.00	302.00	0.00	712.00	15.00	712.00	0.00	0.00	5.00	17.00
	97.00	211.00	712.00	0.00	106.00	180.00	25.00	0.00	155.00	400.00
142.00	154.00	0.00	102.00	59.00	78.00	25.00	712.00	261.00	2.00
	62.00	45.00	0.00	58.00	712.00	0.00	712.00	0.00	291.00	312.00
>MA0007.2	AR
6277.00	6497.00	0.00	6462.00	11206.00	26.00	10426.00	1478.00	4353.00	3312.00	3241.00	0.00	2214.00	2656.00	1599.00
1112.00	0.00	0.00	1304.00	0.00	11115.00	0.00	2976.00	2096.00	3249.00	142.00	525.00	1262.00	2434.00	7032.00
3049.00	4709.00	11206.00	1254.00	0.00	65.00	107.00	4023.00	2151.00	3291.00	305.00	10681.00	671.00	2460.00	298.00
768.00	0.00	0.00	2186.00	0.00	0.00	673.00	2729.00	2606.00	1354.00	7518.00	0.00	7059.00	3656.00	2277.00
>MA1466.1	ATF6
	87.00	148.00	743.00	0.00	3.00	1158.00	0.00	2.00	0.00	25.00	7.00	30.00	1158.00	240.00
234.00	234.00	192.00	2.00	3.00	1.00	1158.00	0.00	3.00	0.00	1.00	1158.00	56.00	301.00
114.00	1158.00	415.00	0.00	1158.00	11.00	0.00	1158.00	0.00	1158.00	1158.00	0.00	274.00	346.00
723.00	277.00	4.00	1158.00	4.00	2.00	1.00	0.00	1158.00	15.00	196.00	12.00	57.00	271.00
>MA0024.1	E2F1
	0.00	0.00	0.00	0.00	0.00	0.00	0.00	0.00
	0.00	0.00	0.00	4.00	2.00	10.00	0.00	9.00
	0.00	0.00	0.00	6.00	8.00	0.00	10.00	1.00
	10.00	10.00	10.00	0.00	0.00	0.00	0.00	0.00
>MA0463.2	BCL6
1714.00	1156.00	975.00	195.00	354.00	647.00	47.00	1.00	159.00	5714.00	640.00	34.00	5616.00	5656.00	1568.00	1299.00
1345.00	2487.00	144.00	5787.00	257.00	789.00	7.00	5824.00	978.00	112.00	44.00	87.00	153.00	88.00	1910.00	1066.00
1289.00	899.00	5569.00	106.00	71.00	822.00	5.00	4.00	4640.00	75.00	5692.00	5791.00	460.00	136.00	311.00	1577.00
1498.00	4600.00	376.00	149.00	5756.00	5331.00	5831.00	186.00	3168.00	219.00	123.00	204.00	338.00	591.00	3515.00	1903.00
>MA0605.2	ATF3
8505.00	24741.00	0.00	0.00	40546.00	0.00	891.00	0.00	1520.00	40546.00	0.00	6919.00
8220.00	1354.00	0.00	0.00	0.00	40546.00	0.00	0.00	40546.00	0.00	15737.00	16820.00
16894.00	15805.00	1.00	40546.00	0.00	0.00	40546.00	0.00	0.00	0.00	1094.00	8242.00
6926.00	0.00	40546.00	1366.00	0.00	556.00	0.00	40546.00	0.00	0.00	24808.00	8564.00
>MA0877.2	BARHL1
837.00	193.00	4725.00	4725.00	4725.00	0.00	622.00	1065.00
1889.00	0.00	65.00	55.00	199.00	4725.00	0.00	1001.00
1280.00	0.00	275.00	0.00	662.00	0.00	4725.00	1508.00
718.00	4725.00	1232.00	0.00	2114.00	2008.00	259.00	1151.00
>MA0833.1	ATF4
210.00	169.00	639.00	0.00	19.00	888.00	2.00	1.00	40.00	897.00	888.00	0.00	414.00
	71.00	117.00	202.00	0.00	0.00	0.00	372.00	0.00	838.00	21.00	3.00	266.00	272.00
442.00	409.00	127.00	7.00	1090.00	0.00	9.00	1104.00	16.00	0.00	1.00	62.00	101.00
170.00	213.00	3.00	981.00	11.00	25.00	470.00	4.00	113.00	3.00	4.00	714.00	78.00
>MA0878.1	CDX1
2236.00	289.00	5271.00	9274.00	28.00	9274.00	9274.00	9274.00	4650.00
1557.00	5143.00	4003.00	134.00	12.00	300.00	74.00	490.00	1747.00
4911.00	19.00	199.00	757.00	0.00	112.00	78.00	256.00	1257.00
570.00	4131.00	840.00	74.00	9274.00	1453.00	837.00	651.00	1620.00
>MA0464.2	BHLHE40
3824.00	1391.00	59.00	11222.00	23.00	66.00	167.00	4.00	5927.00	1544.00
3025.00	481.00	11222.00	130.00	11222.00	30.00	248.00	12.00	5295.00	5706.00
2926.00	5000.00	0.00	78.00	2.00	11222.00	87.00	11222.00	129.00	1385.00
1447.00	6222.00	14.00	77.00	32.00	0.00	11222.00	72.00	500.00	2587.00
>MA0835.2	BATF3
3609.00	6137.00	132.00	245.00	11670.00	408.00	267.00	1248.00	11529.00	2334.00	4521.00
1245.00	2106.00	59.00	62.00	92.00	10589.00	79.00	10347.00	84.00	1664.00	2733.00
2608.00	1831.00	37.00	10420.00	87.00	560.00	117.00	88.00	117.00	2249.00	1255.00
4503.00	1891.00	11737.00	1238.00	116.00	408.00	11502.00	282.00	235.00	5718.00	3456.00
>MA0731.1	BCL6B
	0.00	3.00	0.00	0.00	0.00	0.00	0.00	0.00	280.00	0.00	0.00	289.00	290.00	0.00	0.00	113.00	183.00
	19.00	0.00	367.00	0.00	0.00	0.00	384.00	12.00	0.00	0.00	0.00	0.00	0.00	2.00	16.00	243.00	146.00
	0.00	186.00	0.00	0.00	0.00	2.00	0.00	34.00	0.00	173.00	171.00	2.00	0.00	0.00	0.00	9.00	7.00
207.00	1.00	2.00	212.00	213.00	212.00	0.00	214.00	0.00	0.00	0.00	0.00	0.00	215.00	211.00	0.00	0.00
>MA1464.1	ARNT2
11781.00	9572.00	505.00	40622.00	0.00	84.00	651.00	14.00	18559.00	7892.00
4265.00	4901.00	40622.00	122.00	40622.00	0.00	932.00	0.00	22063.00	12448.00
28841.00	9525.00	115.00	532.00	0.00	40622.00	111.00	40622.00	3912.00	12031.00
1951.00	40622.00	0.00	460.00	148.00	0.00	40622.00	971.00	7159.00	8251.00
>MA1463.1	ARGFX
3893.00	2558.00	270.00	16589.00	16589.00	0.00	0.00	16589.00	10340.00	6983.00
1750.00	16589.00	1130.00	46.00	0.00	0.00	44.00	499.00	563.00	4098.00
4467.00	1748.00	96.00	0.00	0.00	0.00	0.00	1492.00	6249.00	2351.00
6479.00	4423.00	16589.00	4.00	0.00	16589.00	16589.00	1048.00	900.00	3158.00
>MA0635.1	BARHL2
3318.00	3328.00	643.00	12855.00	12855.00	12855.00	443.00	1570.00	3606.00	2171.00
3450.00	4078.00	0.00	0.00	0.00	116.00	12855.00	0.00	2190.00	2997.00
4374.00	1756.00	0.00	0.00	0.00	1086.00	127.00	12855.00	4877.00	1276.00
1713.00	3693.00	12855.00	1969.00	0.00	4032.00	7756.00	1335.00	2182.00	6411.00
>MA0636.1	BHLHE41
2894.00	98.00	2.00	5574.00	1.00	2.00	19.00	1.00	5574.00	74.00
1046.00	17.00	5574.00	12.00	5574.00	1.00	16.00	1.00	1229.00	5574.00
5574.00	1831.00	3.00	21.00	1.00	5574.00	16.00	5574.00	7.00	985.00
	59.00	5574.00	1.00	3.00	5.00	0.00	5574.00	0.00	23.00	1963.00